002bcb05b95a8e2e3ee3f6ca4c95c986	1	84616	player	uade	Protracker compatible	0	131561	921ed240	ba9aa4ec	GAMES/BRUDAL/RIPKIN.MOD
045a01d292a8cb814567f9e2235e4e7c	1	177676	player+silence	uade	Protracker	0	197274	9bf82c22	d29c2f51	MUSIC/MODS/HARDDREA.MOD
04e13ef80c7237537a8960e0513b4c35	1	76920	player	uade	Protracker compatible	0	44803	0ccc7561	29ce2fbc	MUSIC/MODS/INTRO-1.MOD
05035b1dd84d0754004134b7468c2224	1	112575	player+silence	ft2play	Fasttracker	6	101176	92efa166	ba04d565	MUSIC/MODS/BANANNAS.MOD
076bd49b1028ff7657ae9ac04b036b00	1	208879	player	st3play	Scream Tracker 3.00 (GUS)	8	148034	d1ce755e	8399b5dd	MUSIC/S3M/PRPLSKY2.S3M
07b863d7311fcb4de39912f1c9c6d091	0	78876	player	libopenmpt	Epic MegaGames MASI (New Version)	4	76049	387adbde	06a1862d	GAMES/OMF/ARENA2.PSM
093023a89481e01408e8ffc2c5aca245	1	219349	player	uade	Protracker	0	317592	b2568bf2	1f3dc3f8	MUSIC/MODS/FASTCHA2.MOD
0955c2554d9cb09e5d45f48f275b762b	1	138369	player	uade	Protracker compatible	0	89383	f90fb6c3	bb2bea68	MUSIC/MODS/HOLLOW1.MOD
0977494ae8866c32811875212a8b51af	1	199797	player	uade	Protracker	0	132096	44138e28	ea95c174	MUSIC/MODS/CREEDMOD.MOD
0a6af5c267027b7483a1c17f2a6a128c	1	84315	player	st3play	Scream Tracker 3.00 (SB)	8	101992	e2e18281	76956d2f	MUSIC/S3M/LAVE2.S3M
0bfbfe214139cfef08f7223cf8c3ba3f	0	102236	player+silence	libopenmpt	Composer 669	8	26618	77f125c5	67946df0	MUSIC/669/CRYSTALS.669
0c476a4a104332cbe92651053f8007f8	1	107323	player	st3play	Scream Tracker 3.00 (GUS)	6	67026	ef2b5829	e75c33c4	MUSIC/S3M/BUSSI.S3M
102fb7cacf35e59961ad0f0a602a65af	1	291385	player	ft2play	Fasttracker (M.K.)	4	353723	360c34f8	63448d76	MUSIC/MODS/SUNDOWN.MOD
11cc487701054ee6a30aa2508cf85a7f	1	253480	player+silence	uade	Protracker compatible	0	123264	a85c02dc	59a9310b	MUSIC/MODS/ANDANTE.MOD
12174acc4730b443d7e623a869c4087d	1	236598	player+volume	uade	Protracker	0	359182	5fc987b9	9640f844	MUSIC/MODS/A-T-S-W.MOD
126916ba6743d922978a2c2b9f04d678	1	341903	player	st23play	Scream Tracker 2.x	4	136705	3fae112b	a0e6070d	MUSIC/STM/RELXTC.STM
12fc92cd3f4b3f3807198113e8d962cb	1	133044	player	uade	Protracker	0	305624	3b3e5e52	d088915c	MUSIC/MODS/SLAVETOM.MOD
14d90b8e1f63437d2245d71451f42bcc	0	230061	player+silence	libopenmpt	Composer 669	8	406663	4721518b	a819a901	MUSIC/669/FACES.669
15a1c7e857388362a832a0348dcb4100	1	131037	player+silence	st3play	Scream Tracker 3.00 (GUS)	12	264066	2a8813c3	908d100a	MUSIC/S3M/CRYSTAL.S3M
15a1c7e857388362a832a0348dcb4100	2	14864	player+silence
15fa2643f82155045205efe2e24bf5af	1	285619	player	st3play	Scream Tracker 3.00 (GUS)	8	179734	89594a5d	54c9335f	MUSIC/S3M/RAMAGARD.S3M
1641db098d6600fb11efebefa752fba3	1	146527	player	uade	Protracker compatible	0	263384	29fa68e0	87615d5b	MUSIC/MODS/FUNKYJAM.MOD
168566f5308f0559f7637cbf5d13a0bb	0	80516	player	libopenmpt	Composer 669	8	425314	aae562df	8e0ef451	MUSIC/669/INFOHIT.669
17164e44d58bcf6e1f40c5637ac2d77f	1	151450	player	st23play	BMOD2STM	4	68496	ae5050eb	0eeb1ab1	MUSIC/STM/SAVANNAH.STM
185c15d6b8154aa30d11a4e2a113ae69	1	231867	player	uade	Protracker	0	344332	6f5ae013	6fa39f0c	MUSIC/MODS/CALIBRIE.MOD
1b5004153bd157a3a02ef4674369957d	1	158563	player	st3play	Scream Tracker 3.00 (SB)	5	200503	8e1db830	09b9ab71	MUSIC/S3M/MANGROVE.S3M
1b5004153bd157a3a02ef4674369957d	2	17883	player
1d93fd8d476d9f3487f0a6271a153ced	1	97417	player	uade	Protracker	0	83162	99401dc0	a198a9b7	MUSIC/MODS/SKYNTHNT.MOD
1eb8962825af2f9c2b6053f566a773ba	1	6530	player	ft2play	Fasttracker	6	25532	12e284f5	3ac0fd13	MUSIC/PROGRAMS/DEMOVT/DEMODEMO.MOD
20207d07eaef4038ead215a88ef9e5a9	1	124083	player+silence	uade	Protracker compatible	0	93955	0214bc73	3dd1de27	MUSIC/MODS/IMIGRANT.MOD
202a35af09983b811d088d34ca0e57b2	1	161397	player	uade	Protracker	0	118202	ab6b5472	b38167df	MUSIC/MODS/SC2T6.MOD
20fd793e72c3145cbfc7fa67d342bbd9	1	109131	player	st3play	Scream Tracker 3.00 (SB)	8	133443	2f1016ef	1de654bc	MUSIC/S3M/SYMPHONY.S3M
213f42445b8f7915c8dba9e78777c3a1	0	185195	player+silence	libopenmpt	Scream Tracker 3.00 (GUS)	25	333419	08b2d1a4	0c874456	MUSIC/S3M/LOLLIPOP.S3M
21c269996de46333c6355668b3a22db0	0	31055	player	libopenmpt	MultiTracker 1.0	6	128469	79d937ab	2685c5c7	MUSIC/PROGRAMS/CHROMATI/TITLE.MTM
2267f378dd5b3f48632559c3e7183172	0	290415	player+silence	libopenmpt	Composer 669	8	343852	b3993537	2e635695	MUSIC/669/669BLISS.669
233028dd0d848fd4bea7964104171a29	1	328010	player+silence	uade	Startrekker (4ch)	0	340002	7b4daf63	e5b0bfce	GAMES/P47/MUS1.MUS
23635157b306344c05a4ef93afa1324c	1	84616	player	uade	Protracker compatible	0	48888	f9656c31	1dabeec1	MUSIC/MODS/SLEEP.MOD
269319e20574d964869975166545551e	0	81925	player	libopenmpt	Composer 669	8	163447	370ea879	23e1cda9	MUSIC/669/MASSBACH.669
26d1df80a392c4c380adc07f76bc641a	1	250167	player	ft2play	Fasttracker (M.K.)	4	142171	88bef3b9	5e6d6e4a	MUSIC/MODS/JBENDER.MOD
275e4a2fa3f3541d025e1352fb082db4	1	160131	player	uade	Protracker	0	215233	22cfcb10	45fd386f	MUSIC/MODS/#111_.MOD
28668a4820bc15d2e03a175b4cb775d9	0	98310	player	libopenmpt	Composer 669	8	278144	b0fad893	140e9d38	MUSIC/669/1SONG92.669
288801c4c9a6af890cd09e844caae6d5	1	198453	player+silence	uade	Protracker compatible	0	80516	84b5f751	4574e034	MUSIC/MODS/NOCTURNA.MOD
289e262493f810264ab2ff39f18decaa	1	632940	player+silence	uade	Noisetracker 1.x	0	156561	d459a5a2	d8e3112f	MUSIC/MODS/AXLFRMX.MOD
293c7977ec417698ea2af3dea213a6d7	1	95198	player	ft2play	Fasttracker (M.K.)	4	137335	8717fee7	2c586a8b	MUSIC/MODS/CRANK.MOD
2a0e66439d988c6cf3bb01695542fc4c	1	241533	player	st3play	Scream Tracker 3.00 (GUS)	8	157584	6ec60b47	05dc3711	MUSIC/S3M/INSIDE.S3M
2a9823e91771d8709b1eb2623f9892a1	1	92112	player	st3play	Scream Tracker 3.01 (GUS)	6	46798	305b3cae	476d2f8f	MUSIC/PROGRAMS/CHROMATI/SCAMEL.S3M
2b3660c5bc7cf8ac0ae0341f1f232efc	1	262640	player+silence	uade	Noisetracker 1.x	0	179623	f23f8994	f1d90ad5	MUSIC/MODS/EZ-B20.MOD
2cfa97177a6c876a9157f0896a316a08	1	156140	player+silence	st23play	Scream Tracker 2.x	4	149597	ef067015	c69a9f37	MUSIC/STM/SPDKING.STM
3008c8491a7d255a0feaba12595e2762	1	482885	player	st3play	Scream Tracker 3.00 (GUS)	8	391312	b725df1e	4a41df26	MUSIC/S3M/2ND_SKAV.S3M
3008c8491a7d255a0feaba12595e2762	2	328460	player
3008c8491a7d255a0feaba12595e2762	3	400940	player
37b8afe62ec42a47b1237b794193e785	1	126493	player	st3play	Scream Tracker 3.00 (GUS)	4	14176	2b926b5d	40bc88a0	MUSIC/S3M/INSPIRAT.S3M
37d89ef172f2a7f9186ff7ae1ec6345c	1	122997	player	uade	Protracker	0	135026	e1bf6905	5afa63ca	MUSIC/MODS/PHEEWBYT.MOD
3970c71dfbcf225dd7852a7508d117c8	1	32574	player+silence	st3play	Scream Tracker 3.00 (SB)	16	245251	c48f0d16	2eedcedd	MUSIC/S3M/TMP.S3M
3970c71dfbcf225dd7852a7508d117c8	2	56203	player
3970c71dfbcf225dd7852a7508d117c8	3	20474	player+volume
3970c71dfbcf225dd7852a7508d117c8	4	91991	player
3970c71dfbcf225dd7852a7508d117c8	5	133546	player
3970c71dfbcf225dd7852a7508d117c8	6	114999	player
3970c71dfbcf225dd7852a7508d117c8	7	115019	player
3aba91643224c02855c0eaa379b9eb87	1	122997	player	uade	Protracker	0	28614	6e213d60	22d8ce5e	MUSIC/MODS/ZTINYMOD.MOD
3df84d339b5120f0651a4481590d7478	1	352516	player+silence	uade	Protracker compatible	0	212574	3667775e	7acb1f98	MUSIC/MODS/GETCRAZY.MOD
3e1be11a9242f6fa5404c36e37b8550c	1	136118	player	uade	Protracker compatible	0	85713	dbea2a8f	6371ef75	MUSIC/MODS/BLUESKY.MOD
3eb5dd068e6239457126a96e3b9b43b8	1	115321	player	uade	Soundtracker II (15 instr.)	0	30288	d10e0aa5	ca5ac8c8	MUSIC/MODS/E2.MOD
3efa29c1e5405ecceaf4a0bc14276571	1	184445	player	uade	Protracker compatible	0	182717	36bc59b0	3d985a37	MUSIC/MODS/EZ-B2.MOD
40611c0c32d1eea780fe05acc01cb73d	1	71816	player	uade	Protracker	0	16726	07a0e338	20bd8704	MUSIC/MODS/P.MOD
41cc405c13c973886d2fc8cbc0c2eede	1	39324	player	uade	Protracker	0	77388	25b13966	c8d72ce8	MUSIC/MODS/ENDOFTHE.MOD
43c13d570c728e6746f7d8ee2ec2c4ea	1	149883	player	uade	Noisetracker 1.x	0	84665	a3922d1b	2c691481	MUSIC/MODS/TEMPTATN.MOD
44bc8f9e355faf1348924bed25646940	1	137149	player+silence	ft2play	Fasttracker (M.K.)	4	207711	cf862d5b	55ba7985	MUSIC/MODS/FLIGHT.MOD
4507e43c11aaf5dbbee15039a9eb0b11	1	320202	player	st3play	Scream Tracker 3.00 (GUS)	8	176360	2e6482ff	8344a4cf	MUSIC/S3M/TURBULEN.S3M
451b09da01a3c1383f604625a4dd6d91	1	111463	player+volume	ft2play	Fasttracker	8	441172	c5345183	c099b112	MUSIC/PROGRAMS/CHROMATI/FAR-AWAY.MOD
4561d9841bced89bd4d596559542937a	0	245775	player	libopenmpt	Composer 669	8	297182	7dbf5fd2	00c5728d	MUSIC/669/SHELEFT.669
47411a6f8591da0dcbe99db2d55f0cc7	1	46216	player	uade	Protracker	0	10690	c23dc6bd	4c55a207	MUSIC/MODS/BADMOON.MOD
47708df03f5c5b548d445b88af23c765	1	157579	player	uade	Noisetracker 1.x	0	91034	e98d9fb1	77ef30f9	MUSIC/PROGRAMS/RUCKUS/SMOKE.MOD
4993611aca1474535d6396e01f86cca8	1	107323	player	st3play	Scream Tracker 3.00 (GUS)	8	39778	1cf646d7	94dae863	MUSIC/S3M/SATELL.S3M
4a04544520076d2c8accfe6cd9474a2d	0	324148	player	libopenmpt	Composer 669	8	326970	2b51da77	ac1c4a05	MUSIC/669/BOTTROP.669
4a87b329ac4838375594103f5679bd3c	0	106502	player	libopenmpt	Composer 669	8	35219	7e866500	c3c62fa1	MUSIC/669/CULTURE.669
4b9efad28b68dfb8806aabc40a042ed5	1	53872	player	uade	Protracker compatible	0	159613	4bdc0ad7	ca37df0b	MUSIC/MODS/MT005.MOD
4eb5503419e54957a7785bd13f1ebfcc	1	295446	player	uade	Protracker	0	26388	1c3d1785	280c2876	MUSIC/MODS/THE_EDGE.MOD
4f7516ee348fef8850b097df0d46fa01	1	124785	player	uade	Soundtracker II (31 instr.)	0	209797	77da1f4a	5f6d664e	MUSIC/MODS/MEDLEY2.MOD
4fc8edd21f2b16464120c7ce863f20e7	1	30824	player	uade	Protracker	0	9394	9ab6f824	08c8a287	MUSIC/MODS/CAL.MOD
4fdedc329171a25143139304cee2a484	1	194722	player+silence	st3play	Scream Tracker 3.01 (GUS)	8	317292	623171ff	f817a438	MUSIC/PROGRAMS/CHROMATI/THESTORY.S3M
5135036fb69cf39ad8440f14ee58703d	0	0	nosound	libxmp	Scream Tracker 2.00	4	30766	325393f7	9dd1c501	WINDOWS/PROGRAMS/SABDU/TEST1200.SDU
51bd37922b66966dbe60a48064c9eacd	1	161019	player	ft2play	Fasttracker (M.K.)	4	294340	a22c7e3e	6877af51	MUSIC/MODS/$$THANX.MOD
543138964732125c0def095b2e6bf00f	1	473634	player+silence	st23play	Scream Tracker 2.x	4	149248	5e2246a0	6baf79fa	MUSIC/STM/BONKA.STM
55723277df048c88204c79e3cd80a780	1	264163	player+volume	st3play	Scream Tracker 3.00 (GUS)	8	177828	7d472789	9744e6bb	MUSIC/S3M/MERCRAIN.S3M
56e5d053fb08fdeb637a337460f17508	0	236558	player	libopenmpt	Composer 669	8	442074	80953df0	74aa3fac	MUSIC/MODS/FUNKY2.MOD
573bb284a2ab47afaae24fb7335e36bc	1	265736	player+silence	st23play	Scream Tracker 2.x	4	165297	1c9ee923	9a9fbc51	MUSIC/STM/RADIANCE.STM
57916e7c7f13365ebddb45a5c228be40	1	140157	player	st3play	Scream Tracker 3.00 (GUS)	2	54194	7025fee6	9f9b93eb	MUSIC/S3M/MINIMUM.S3M
584ab1d7c3e51bf9626131a2a418ea8d	1	161305	player+silence	uade	Protracker compatible	0	89422	d494ee6e	5689a31a	MUSIC/MODS/STOROCH.MOD
5a720e449b16a68e02f472e71b040831	1	184023	player	st3play	Scream Tracker 3.00 (SB)	16	154376	c854dae4	081650a9	MUSIC/S3M/DARKNESS.S3M
5a720e449b16a68e02f472e71b040831	2	45392	player
5abaa9c124dff61b50cb8ec724cbbec9	1	168852	player	uade	Noisetracker 1.x	0	126135	7a4e3727	7dd52824	MUSIC/MODS/SEEKDEST.MOD
5aebab8b5dc93c4897c9a202b57ffc9d	1	288296	player+volume	st3play	Scream Tracker 3.00 (GUS)	9	280694	0276f2b5	3675903f	MUSIC/S3M/WAR_REM.S3M
5be2b140d1ca5a55717ec14b9037afd3	1	176769	player	uade	Protracker	0	120570	b23a09d0	fb3f24c5	MUSIC/MODS/SC2T4.MOD
5bf48cef065dbac5788c96589cb56030	1	143111	player	st3play	Scream Tracker 3.00 (SB)	5	250974	7941e1e5	701c00f1	MUSIC/S3M/ID.S3M
5bf48cef065dbac5788c96589cb56030	2	10200	player+volume
5f4e1f8b5d7e5f18ef817fba0dd5c0a3	1	242089	player	ft2play	Fasttracker (M.K.)	4	271277	168088b6	b6fac0f5	MUSIC/MODS/POLOFTRU.MOD
60371f3bf1b3f7010280076cecbbc098	1	282038	player+silence	st3play	Scream Tracker 3.01 (SB)	16	223456	725467a2	60f79625	MUSIC/S3M/WARREMIX.S3M
61d771a68848a177c1d92126b4935fcb	1	130693	player	uade	Noisetracker 1.x	0	149400	9f86de06	7d754c88	MUSIC/MODS/IZA94LSD.MOD
630fe8c4eb2c178f0ce0f51b75d4be54	1	263886	player+silence	st3play	Scream Tracker 3.01 (SB)	16	437100	72098200	86e4885e	MUSIC/S3M/ILWU.S3M
63c0cee76ab705f2f93f1fda2231e3db	0	221197	player	libopenmpt	Composer 669	8	236779	1aa77e4f	e285b343	MUSIC/669/ADAMRDAM.669
63d087f57bf416672d16b45482ca98c2	1	329728	player	ft2play	Fasttracker (M.K.)	4	110549	07693dc1	0cc0a1e6	MUSIC/MODS/INEFFECT.MOD
64039ba31f5365dcfa20ed3ccc60b3a3	1	115321	player	uade	Noisetracker 1.x	0	139066	e1c86f49	4aed5a16	MUSIC/MODS/FREEZE2.MOD
644b1d04fdc17981b390a159b6958bf5	1	216294	player	st3play	Scream Tracker 3.00 (GUS)	8	289886	e3bfd9dc	efc23167	MUSIC/S3M/CAPTURED.S3M
644b1d04fdc17981b390a159b6958bf5	2	15311	player
6557cddd2b929eb89ba108792c6fbb6d	1	138369	player	uade	Noisetracker 1.x	0	192032	dbebd5d6	c9f21ae2	MUSIC/MODS/FRI.MOD
65db4ec92b58aabc6261aa9b6eb839cf	1	208920	player	uade	Protracker	0	319242	52e8364a	bbc52584	MUSIC/MODS/PLANETGR.MOD
66c570288ff0a3777998e6ba162d03e7	1	215149	player	uade	Protracker compatible	0	325191	4db9e3d5	5224cd67	MUSIC/MODS/BURNBUSH.MOD
66c570288ff0a3777998e6ba162d03e7	2	76920	player
67da749056ab8cce9f263c922da8c44c	1	161397	player	uade	Protracker compatible	0	78309	d500ef8c	500673fe	MUSIC/MODS/ALL_APOL.MOD
68f14ce1d6f9c449e4b78abf5523e942	1	226321	player	uade	Protracker compatible	0	141717	f963f497	4d22028f	GAMES/BRUDAL/GYPSY.MOD
6a68e4f96ea8ce738a92798f48d4f754	1	233877	player	st23play	BMOD2STM	4	72256	7c63b7c6	1a229f76	MUSIC/STM/LEVBRAIN.STM
6ac3830950d963ec2d926d973a5c2ab3	1	222845	player	uade	Noisetracker 1.x	0	301508	6c4cb77e	501f8bc1	MUSIC/MODS/PHACU2.MOD
6ceb41ae834b06a66e345e45e01697a3	1	124100	player+volume	ft2play	Fasttracker (M.K.)	4	168803	bfc443df	cdc0a51f	MUSIC/MODS/BEYORELM.MOD
6da6dcb331da7827ab52ee2fc7318bbc	1	259175	player	uade	Protracker compatible	0	176917	86aa6374	1e35bf56	MUSIC/MODS/COUNTDWN.MOD
6e23eb63e9f361da5e7669b9e75e3e48	1	407572	player	uade	Protracker	0	117172	1d23cb41	f52e47e6	MUSIC/MODS/SINKING2.MOD
6f1c3226e61d5331c29b5350f62a9f39	1	139434	player	st3play	Scream Tracker 3.00 (SB)	16	120474	183eb81e	7dd4e0cc	MUSIC/S3M/SPRING.S3M
6f9a0baeb8e7be8c38321e5b32ccc36a	1	92272	player	uade	Protracker	0	84677	2cc6154f	bf707df0	MUSIC/MODS/MT007.MOD
6fc5cc9472aee22757a0e9f71660ed7f	0	170081	player+silence	libopenmpt	Composer 669	8	369234	cdb4ba24	35f11daf	MUSIC/669/OBLIV_1.669
702cec05c4471ae5e1b1229543b987e9	1	478464	player	uade	Protracker	0	160218	66a02d1e	116f1666	MUSIC/MODS/KNULAKUK.MOD
703fc3415800fce703e86b3fa4dde4ab	0	234941	player+volume	libopenmpt	MultiTracker 1.0	8	266999	a8854337	ca8f9cf9	MUSIC/PROGRAMS/CHROMATI/SHARI2.MTM
7288d87a70c2cb8bf249d43417c8d2df	1	150626	player	uade	Protracker	0	88790	b03d4687	cf9c52e5	MUSIC/MODS/JAXN2.MOD
72ee83d179bc83fc1f619952777eb7e2	1	228893	player	uade	Protracker compatible	0	240208	d3441421	f3120af3	MUSIC/MODS/PHANTOMS.MOD
73228c3582d2a00d5a444f62bd4c732d	1	279454	player+silence	st3play	Scream Tracker 3.00 (GUS)	9	308627	bd4b28bf	3b27ea78	MUSIC/S3M/STRSHINE.S3M
74021aa47e5d563663803f1e36cd58ab	1	146045	player	uade	Protracker compatible	0	99321	b7ee3930	9cdb0a2e	MUSIC/MODS/MT000.MOD
74d4a8c47dfca47d0adb729efad5c412	0	131287	player+silence	libopenmpt	Composer 669	8	292385	c2ebed09	a2729cd2	MUSIC/669/THUNDER2.669
77b46f53ac0d61e170966c3d0966dd1d	1	153359	player	st23play	BMOD2STM	4	65504	d5995d45	ad682f6c	MUSIC/STM/CFRMUS4.STM
78174b6d2060a37464ad5bfb4653e7db	1	169374	player	uade	Protracker	0	147272	a226874d	94a49aef	MUSIC/MODS/GIPANEMA.MOD
7864d163734c7e1c68a28c9f515709b9	1	252206	player+silence	st3play	Scream Tracker 3.00 (SB)	16	593106	d08f2368	eb751a1d	MUSIC/S3M/PANIC.S3M
7b85dcf4ba4bdf51ff78f728f470000a	1	171122	player	uade	Protracker compatible	0	125082	98f395d8	50f20a24	MUSIC/MODS/SC2BACK.MOD
7d66d7ee7ff0ad579ddfdc03a06b7af9	1	182536	player	uade	Protracker	0	78952	27808ab6	d4eef9fb	MUSIC/MODS/MACH.MOD
7eff6db5b5fcb3c2b665e7ca82511fb6	1	133752	player+silence	uade	Protracker compatible	0	31437	e733a2b4	7b311bde	MUSIC/MODS/MDM.MOD
8080d8840301d8a08d40354d7fbbb597	1	389158	player+volume	uade	Protracker	0	199354	b519fead	5bb3fadd	MUSIC/MODS/FMENDMUS.MOD
81a5be9b1cd6023e5d4139fb5e38cc2f	1	204941	player	uade	Soundtracker II (31 instr.)	0	106401	77dd24c4	6f33e2e4	MUSIC/MODS/MT001.MOD
820b7c9824d2c1ff40c77c6f6d327363	1	165878	player	uade	Protracker	0	93602	756ac568	172494e8	MUSIC/MODS/CRACKTHE.MOD
822945524578ff74bc948744e70ab23d	1	237554	player	uade	Protracker compatible	0	146554	14b7bd35	f75490dd	MUSIC/MODS/TUNAFISH.MOD
82adcc1669c5763d97f4f004e24b10da	1	92272	player	uade	Protracker compatible	0	144105	cb9d96cc	2d430e20	MUSIC/MODS/$TESTING.MOD
82ea7835b4db0b205a33cc10289eb1b3	1	213600	player+silence	uade	Protracker compatible	0	190361	c270ea8a	849b4ee1	MUSIC/MODS/RIDETRIP.MOD
83e928064eefddb4c2a32b629ff8feed	1	149044	player+silence	uade	Protracker compatible	0	99133	02152251	ae90c21e	MUSIC/MODS/SONOFGUN.MOD
83ef92f33e214dc6decca98ae24af46a	0	211095	player+silence	libopenmpt	Composer 669	8	306324	6da7a55f	778eae3c	MUSIC/669/ASSEPOES.669
853ddd074ee056d4c02792ca5daa549f	1	107645	player	uade	Protracker compatible	0	82433	bad37271	8c7b9d93	GAMES/BRUDAL/ROMAN.MOD
863157dc6a3c8afb2040a44c4027362e	1	51320	player	uade	Protracker	0	77348	028274b5	3d8d7b59	MUSIC/MODS/SUMMERG.MOD
87968190adb016c1e506bad2805e5732	0	325814	player+silence	libopenmpt	Composer 669	8	533798	3f56170e	27e3b205	MUSIC/669/WAVES.669
87afbfc4ec38ba5bc8ed5dc01f2d8f86	0	250707	player+silence	libopenmpt	Composer 669	8	328101	d53d1042	bc78a13c	MUSIC/669/BOBO.669
87baf96fafb938ac94e99782a2e88bdc	1	309290	player	st23play	Scream Tracker 2.x	4	194836	06f54ca0	6858fcbc	MUSIC/STM/TRANSF.STM
897fdfd80ef3c0422ba040fd9b444771	1	230541	player	uade	Protracker compatible	0	35222	ede22a72	0d5abc40	MUSIC/MODS/Q-SPACE.MOD
8a19a2cebf0e7ae3dcae38a6633bebb6	1	368940	player+silence	st3play	Scream Tracker 3.00 (GUS)	8	600860	195aa76a	d01ff28f	MUSIC/S3M/2ND_PM.S3M
8d68f0c5c199bcb3825e3f66779d5e21	1	347932	player	st3play	Scream Tracker 3.00 (SB)	9	241088	7152d84d	9b3020ad	MUSIC/S3M/GMOTION.S3M
8e58460663e733ac507934770f44584d	0	318035	player	libopenmpt	UNIS 669	8	128077	cc77ed81	67df73c1	MUSIC/669/REM2.669
8e63f714df3ddf6c72ff92a7f1d81de2	1	81231	player+silence	ft2play	Fasttracker (M.K.)	4	49648	6cc8d635	87af20b3	GAMES/P47/MUS3.MUS
902e73aea665f8e362196e678e5c4693	0	169446	player+silence	libopenmpt	Composer 669	8	178385	781bcde3	def00e30	MUSIC/669/SE_XTC.669
903cfc01c5d84f8392a1d4d3dd675e67	1	152435	player	uade	Protracker compatible	0	42629	2eb71b15	287e6917	MUSIC/MODS/BACHFUGU.MOD
90b476278b38a484d9474b20dcbb9530	1	30764	player	st3play	Scream Tracker 3.01 (GUS)	4	40682	652ee242	9aafa386	MUSIC/PROGRAMS/CHROMATI/SELECT.S3M
91d78703c56fd1d1805061218c8f8ba0	1	106929	player+silence	st23play	Scream Tracker 2.x	4	83116	6bf0ed35	967e9722	MUSIC/STM/MEGA.STM
93917309bddee1fecbd8622f31984f66	0	204812	player	libopenmpt	Composer 669	8	310598	713a4e26	7bbb4966	MUSIC/669/AMBER.669
93f697b170cc0685021268672521a690	1	275119	player+silence	uade	Protracker	0	166888	961b2c3f	5e13a5e0	MUSIC/MODS/FREEDOM.MOD
95b13aa9f5b639531777b5cfa7c157aa	0	256015	player	libopenmpt	Composer 669	8	161653	d67f128f	339ad482	MUSIC/669/XYPHER.669
95c3b08d0de56e8e21d1c4c2b1b25929	1	60576	player+volume	st3play	Scream Tracker 3.00 (SB)	16	245251	8ed97bb7	b7747a16	MUSIC/S3M/CLICK.S3M
95c3b08d0de56e8e21d1c4c2b1b25929	2	56203	player
95c3b08d0de56e8e21d1c4c2b1b25929	3	20474	player+volume
95c3b08d0de56e8e21d1c4c2b1b25929	4	91991	player
95c3b08d0de56e8e21d1c4c2b1b25929	5	133546	player
95c3b08d0de56e8e21d1c4c2b1b25929	6	114999	player
95c3b08d0de56e8e21d1c4c2b1b25929	7	115019	player
9920022a89362237fd471c32caa4e933	1	353498	player	uade	Protracker	0	151950	5f8e1768	6634367d	MUSIC/MODS/AIOBOETE.MOD
997a602ec1d27287a5978abf506356ae	1	295646	player	uade	Protracker compatible	0	324132	43e32e1e	36d65aff	MUSIC/MODS/INSIDEME.MOD
9be6458d7df29ff8bb04c5cb5c149723	1	403332	player	uade	Protracker	0	169810	fbcc5e99	f7b51a69	MUSIC/MODS/SLAVEYAR.MOD
9c4d7e94a462f95ec0dc5cba32f7c1e1	1	138007	player	st3play	Scream Tracker 3.00 (GUS)	16	221406	4182bc68	6f1e7465	MUSIC/S3M/EXPLORAT.S3M
9d475a6659be2b10ad3d50643c731b9a	1	163547	player	uade	Protracker	0	240242	0f7036da	6002ddab	MUSIC/MODS/TESTLAST.MOD
9e50d0191164aa51e2095383550b4e50	1	107323	player	st3play	Scream Tracker 3.00 (SB)	5	97332	8903009d	dca80670	MUSIC/S3M/MUSIC.S3M
9ea160b909466b1d9c12a166f5f8fed2	1	107645	player	uade	Protracker compatible	0	50663	b33f2128	2a5ec9a4	MUSIC/MODS/GL-DIG.MOD
9f5d85cd0f1ee046834545f7ddf27896	1	52687	player	uade	Protracker compatible	0	47939	33f185c1	8d15b49e	MUSIC/MODS/GOODBYE.MOD
a022c3a070477fa117f5ba55e2cff24d	1	158989	player+silence	st3play	Scream Tracker 3.00 (GUS)	10	153648	196cf771	4f26bed1	MUSIC/S3M/AMAZONAS.S3M
a29935dbc40a2d64fc3ac2223114276a	1	204941	player	uade	Protracker compatible	0	67219	2a890d04	ceaabdb3	MUSIC/MODS/WHITEWED.MOD
a41ee0f626beb03d2a8b514fa14ee4e2	1	208967	player+silence	uade	Protracker compatible	0	85933	af931ca7	24044960	MUSIC/MODS/UNDERWTR.MOD
a5422f6031ab30c983e67a378620455e	0	129032	player	libopenmpt	Composer 669	8	120627	4084a70a	a74e8861	MUSIC/669/SOLDEST1.669
a7db37bab794ab9976b3ec23586608e0	0	80519	player	libopenmpt	Epic MegaGames MASI (New Version)	8	119231	70969880	e78957f4	GAMES/OMF/END.PSM
a83d3304569dd788cdfd9c6d07eb4a6a	1	76920	player	uade	Protracker	0	11312	d39ddb2c	7677b6e3	MUSIC/MODS/22K.MOD
ad732856d534dd01be735393081ebd33	1	230541	player	uade	Noisetracker 1.x	0	132060	113bb890	94e27508	GAMES/BRUDAL/TEST.MOD
ae36f482159070bbabbc4f47fed80926	1	135977	player	ft2play	Fasttracker (M.K.)	4	108641	badb22e9	e4cf5451	MUSIC/MODS/THETREES.MOD
ae3db39acd383dde748dc4d730cd2bdb	1	122677	player	ft2play	Fasttracker	8	155238	fafa15a4	493e197e	MUSIC/PROGRAMS/MODPLAY/TUNE.MOD
ae761ae03c928591fa117cb35137ad3f	1	198672	player+silence	st3play	Scream Tracker 3.00 (GUS)	8	204282	ec77cdf3	603be39e	MUSIC/S3M/SKYRIDER.S3M
afef9601569b85addc9271b00a331f75	1	262985	player+silence	st23play	Scream Tracker 2.x	4	119882	ac73d5cb	ed7eb069	MUSIC/STM/US.STM
affe955442156acfd0f4f3c84dfee4ca	1	474867	player	uade	Protracker	0	140907	8815e10d	16da5980	MUSIC/MODS/REVLON.MOD
b0e327b360c36c9537d12fcbacbfb42d	1	320764	player	uade	Noisetracker 1.x	0	232410	3556b170	f2a2b511	MUSIC/MODS/BETRDAYS.MOD
b120b0d68f1c29f50756fefbea5ad6fd	1	234614	player+silence	uade	Protracker	0	265948	8a7940f0	25b1c7b6	MUSIC/MODS/ENTEROUR.MOD
b2205841fab0def5cf0bab5e346ba252	1	196183	player+silence	uade	Protracker compatible	0	163892	3e50455d	4bc22e64	MUSIC/MODS/SC2DOOM.MOD
b5e69dbfeadc2d2e2a604b6edb5d46a2	1	138369	player	uade	Protracker compatible	0	85105	d2474298	b40cff15	MUSIC/MODS/BLACKBOX.MOD
b6d1457349f9902609d3804c616c7505	1	210045	player	uade	Protracker	0	161672	b68a403a	6bdf55b7	MUSIC/MODS/GIVESUZZ.MOD
b7c29ac34471d3bd55e75a15bdf40e02	1	76659	player	st3play	Scream Tracker 3.00 (SB)	16	141956	15e9b37f	ddfd7a56	MUSIC/S3M/NEARDARK.S3M
b848a394a9e95bb62b143d655989c0c5	0	364750	player+silence	libopenmpt	Scream Tracker 3.00 (GUS)	25	170332	215a4be5	54b55326	MUSIC/S3M/CANT.S3M
b89b50c61a25acbdac03f48b74385ca2	1	199375	player	st23play	BMOD2STM	4	78880	ab8e1e79	256fbed9	MUSIC/STM/GOTTA.STM
b9df930c46d4916c25f9646576ff886b	1	128121	player	uade	Protracker	0	130474	19467559	2044fec2	MUSIC/MODS/YONHIRVE.MOD
babd95149418c2e4ab9c542f34fe0adf	1	151832	player	st3play	Scream Tracker 3.00 (GUS)	8	199962	09781a92	b62cd0fc	MUSIC/S3M/AQUA.S3M
bcbb2e5f876874859ee769a67cfa0fe4	1	56216	player	ft2play	Fasttracker (M.K.)	4	76769	a9ee8a85	f3a82570	MUSIC/MODS/ABPOWER.MOD
c02b377736831a1d6a0b7b940fc53c79	1	268399	player	st23play	Scream Tracker 2.x	4	189059	29b22d35	e5c23cc6	MUSIC/STM/DRUMSOLO.STM
c03dc0c4235beb504ce34364934381ab	1	56216	player	ft2play	Fasttracker (M.K.)	4	73569	1b4a4f29	5c90d096	MUSIC/MODS/MT00C.MOD
c06dfb38099b554530d94238414041af	0	228714	player+silence	libopenmpt	Composer 669	8	211611	0950a6bb	bc3fc951	MUSIC/669/WORLD.669
c1a32454fc7c9913453cf5ec25de1b96	1	110096	player	uade	Protracker compatible	0	103187	b4857ba9	d152c6d5	MUSIC/MODS/LETBEME.MOD
c4c0751f473363dceb119272973138e2	1	0	nosound	uade	Noisetracker 1.x	0	12132	9f20c04e	38361a36	GAMES/P47/FX.DAT
c6c21ff41f7fbc0ec840bec86b854897	1	184445	player	uade	Protracker	0	66431	9266751a	d9c91267	MUSIC/MODS/PET_SHOP.MOD
c7107a0edf1ed439785976b33af349d0	0	92165	player	libopenmpt	Composer 669	8	62040	b1bf56d9	29eb7f51	MUSIC/669/HARDWIRE.669
c8bdf7be2915f4b7e1f41e9c7fd76d60	0	64674	player+silence	libopenmpt	Composer 669	8	219128	40bb9d9b	f58b39fe	MUSIC/669/TWINKLE.669
c98fe3f3524a09cf92337ade43d67e59	0	180759	player	libopenmpt	Scream Tracker 3.00 (GUS)	25	257846	f311677d	1839206b	MUSIC/S3M/CCITY12.S3M
cbdc9a5e49a4b7ffadefc2b249dbf6ea	1	66440	player	ft2play	Fasttracker (M.K.)	4	132463	be4a00fc	40b6e205	MUSIC/MODS/SENSE.MOD
ccb3f153c2ba27418d247d9e20e61154	1	183557	silence	uade	Soundtracker II (31 instr.)	0	113920	b13dc921	10a7ce17	MUSIC/MODS/SRE1.MOD
ce51615e41252fbece2d460c03766728	1	157740	player	uade	Protracker	0	146886	8485cbef	de2f6e3f	MUSIC/MODS/MOBYLE.MOD
ceb5f92ffdc0b7828e9718cc65476061	1	87289	player	uade	Protracker compatible	0	87923	935eb652	d2a942c7	MUSIC/MODS/DS9.MOD
cfe31ca620829bb23224446358fcc1c8	1	250719	player+silence	ft2play	Fasttracker	8	385460	c3928b48	2fda13f7	MUSIC/PROGRAMS/CHROMATI/BACK2R.MOD
cffb543897eaa2f998375afa7d351fe5	0	251823	player	libopenmpt	Composer 669	8	532942	6cbbc891	87635cf3	MUSIC/669/HOUSE.669
d027fa616af345e43d0592c2c252e2c0	0	156425	player+volume	libopenmpt	Scream Tracker 3.00 (GUS)	25	126076	b7af8c9b	ba4d39c5	MUSIC/PROGRAMS/CHROMATI/END.S3M
d035e6e79200ad54c1897445cb13cee3	1	116045	player+silence	st3play	Scream Tracker 3.00 (SB)	8	186633	ba84df4b	4b5e8e53	MUSIC/S3M/TIGER.S3M
d0e61283309c5d72a050d14fcb2e6704	1	299993	player+silence	uade	Protracker	0	347582	a5cbd2fd	8b8ac39f	MUSIC/MODS/SPDEBRIS.MOD
d0fc6d8b4e7e6e789c38ad309f733fb0	1	161397	player	uade	Noisetracker 1.x	0	191760	83fd8cea	71d5d79f	MUSIC/MODS/HELTER3.MOD
d2c419691ef226a22b510e6289a4dba6	1	330949	player+silence	st3play	Scream Tracker 3.00 (SB)	16	151034	e2de8a41	94f6db76	MUSIC/S3M/FISHTRO.S3M
d2c419691ef226a22b510e6289a4dba6	2	168691	player
d560f65879cf3b55a00dc51c99ef198d	0	88581	player	libopenmpt	Composer 669	8	129428	026c995b	bf2f4e00	MUSIC/669/DEE_CUG_.669
d90f4f1b03ae5249bc7a8e37108a3bdf	0	129672	player	libopenmpt	Composer 669	8	31208	d3f880d8	6c644bf5	MUSIC/669/EMPTYTHT.669
da8ad16f76c70a6f007cc2613c655a19	1	107645	player	uade	Protracker	0	96924	6a7e4752	d4e52224	MUSIC/MODS/WOHPUTAI.MOD
ded30788b1cb9cd7cac5faa6bd0366fa	0	324115	player+silence	libopenmpt	Composer 669	8	240556	562fcd4d	85dd31a1	MUSIC/669/PURPLE.669
dedcec1a2a135aeb1a311841cea2c60c	1	258693	player	uade	Protracker	0	139008	759485b8	a9f0d56b	MUSIC/PROGRAMS/CHROMATI/LOOKATME.MOD
dfa42376c919f71ff0a5d9d2afdd8fb3	1	270288	player	uade	Protracker	0	194726	69ff70eb	d0705e80	MUSIC/MODS/ANARCHYF.MOD
e030e245af1f699815a1c6f6277d8816	1	128605	player+silence	uade	Protracker	0	314122	8c0085fd	c1a42c4c	MUSIC/MODS/SERENITY.MOD
e0597bb0db35e9734cf6b6f5d262aa0a	1	125227	player	st3play	Scream Tracker 3.00 (GUS)	8	235521	91ad359d	c7ce05ba	MUSIC/S3M/ICEFRONT.S3M
e0f466c92d3de4fa192da90b643d453a	1	882158	player	st23play	Scream Tracker 2.x	4	160416	969ab311	9e532ae7	MUSIC/STM/TECHNO1.STM
e1148e24ee5039e577aa4dfc0d47eb11	1	95837	player	ft2play	Fasttracker (M.K.)	4	74167	255b607e	c31a00f4	MUSIC/MODS/LIMELIGH.MOD
e2c97b10b4aa0e7b59de62507d41ba9e	1	57730	player	uade	Protracker	0	28812	5015af15	bd157f52	MUSIC/MODS/MINTROMU.MOD
e480a0dc8290e9b653783896c45b7873	1	103352	player+silence	uade	Protracker compatible	0	128997	0a48b852	03768c2c	MUSIC/MODS/FOE.MOD
e49f2f8d8281fdf1beb80acdc655d67a	1	111402	player	st3play	Scream Tracker 3.00 (SB)	5	90560	fc2faf00	91885959	MUSIC/S3M/INTRO_2.S3M
e53a294b5c44ed0498c81b6c9dc451c2	1	327315	player	uade	Protracker compatible	0	138162	2e1780c3	58124174	MUSIC/MODS/TRSILNCE.MOD
e54e409b7ea689ebdb0e4c4aedb14178	1	133847	player	uade	Protracker compatible	0	307585	9455b0b8	2c65b4ec	MUSIC/MODS/WHOOMP.MOD
e5f73ae14b019a78edc8011768d67245	1	107645	player	uade	Protracker	0	39232	81ed9567	b3bc7910	MUSIC/MODS/WINDSIDE.MOD
e6fb093e4006a54ad36e6195c8d4df4e	0	200736	player+silence	libopenmpt	Composer 669	8	343473	cd5f839f	2f0ca1b4	MUSIC/669/HOUSEPA6.669
e71e73b62a1f9fcc5427edffcf6cfd77	1	92768	player	ft2play	Fasttracker (M.K.)	4	134957	d55d6316	e4fcfd4f	MUSIC/MODS/OVRDRIVE.MOD
e889bca03d51b12653a71980b10999b6	1	245374	player	ft2play	Fasttracker (M.K.)	4	141841	9c5b1586	92294e9c	MUSIC/MODS/PUSHAHED.MOD
eb1e45cf96909234ff0fc8c96c63eb6f	0	245775	player	libopenmpt	UNIS 669	8	185494	a6ac93ce	5dfd0eed	MUSIC/669/4JSNO.669
ecee59989e5e9e6a400f52c8f6285c3f	1	310094	player	uade	Protracker	0	132488	32386e9b	3973bb38	MUSIC/MODS/COLMBIAN.MOD
f03ac2dcad7541e63f3baa929b4f2273	1	84616	player	uade	Protracker	0	108786	4b2e53aa	f537f299	MUSIC/MODS/CD.MOD
f0804cf27b4cde42f0348771ed8597f8	1	306618	player	uade	Protracker	0	135752	9ed37f2f	7c647104	MUSIC/MODS/FOUNDATI.MOD
f0fef3a71b879e0cb7a2e94a7a15254c	1	190734	player+silence	ft2play	Fasttracker (M.K.)	4	207943	44088497	90578096	MUSIC/MODS/WOLFENST.MOD
f18a8a6e39fc966c97d25733950ff8d8	0	134914	player+silence	libopenmpt	Composer 669	8	578229	f7bb28ae	6773eb9c	MUSIC/669/MASSACRE.669
f2173e8370d3fa7c339039e6a89a7a3a	1	245391	player	st23play	Scream Tracker 2.x	4	42017	af2a2232	27e37d63	MUSIC/STM/ICE_T.STM
f4e557c466d4cdee9910a7867d1e31c1	0	104692	player	libopenmpt	Epic MegaGames MASI (New Version)	4	103604	2c76c5bb	f29dbdfd	GAMES/OMF/MENU.PSM
f536dbc069fef06540ac5bea60d87273	1	187318	player	uade	Protracker compatible	0	62058	391afc04	2aa4692b	MUSIC/MODS/AFTRAIN.MOD
f5d434dccdb60445674de6c89206920f	1	280134	player	uade	Protracker	0	114732	ffad5167	93e8cdaa	MUSIC/MODS/TRANCELA.MOD
f62caebcb949b2b042efa4cdf0fe7a80	1	183179	player	uade	Protracker compatible	0	80684	99a1a236	7f0f3ac9	MUSIC/MODS/SUDDEN.MOD
f756ccb2c8878dc9a5e47521f8dd6425	1	125227	player	st3play	Scream Tracker 3.00 (GUS)	8	64784	12081a21	5ee5a113	MUSIC/S3M/PLASTIC.S3M
f92dc6206772e2bb158e738992632ccb	1	222139	player+silence	uade	Protracker compatible	0	129657	68aece64	03c25fb4	MUSIC/MODS/MINCE.MOD
f9936293a45a9ae38284986810152bdc	1	253569	player	uade	Protracker compatible	0	210266	c92fb51d	d605ff8a	MUSIC/MODS/1989.MOD
f9e292cb713e1cf0316cc13080af5924	1	58213	player	uade	Protracker compatible	0	87167	448222d1	57be85b8	MUSIC/MODS/VERA.MOD
fb72763db1654b6360bbebf4f01654d8	1	106700	player	ft2play	Fasttracker (M.K.)	4	143843	bb1b9315	289bbe8d	MUSIC/MODS/CHIPFAIL.MOD
fe21b06bc6ce6cb0e99dffd92d380cd4	1	123695	player+volume	uade	Protracker compatible	0	185139	eb5aabf3	d69af250	MUSIC/MODS/FURELIS2.MOD
fe5b6f548deefb655fad2bff2b07b149	1	362279	player	st3play	Scream Tracker 3.00 (SB)	9	197290	0c45c9fd	f1581d6c	MUSIC/S3M/CHAOS.S3M
